12 #SUP: 339601
12 15 #SUP: 272399
12 15 17 #SUP: 272368
12 24 #SUP: 273759
12 24 18 #SUP: 273193
12 24 18 17 #SUP: 273170
12 24 17 #SUP: 273736
12 27 #SUP: 283580
12 27 16 #SUP: 277785
12 27 16 18 #SUP: 277266
12 27 16 18 17 #SUP: 277238
12 27 16 17 #SUP: 277757
12 27 18 #SUP: 283057
12 27 18 17 #SUP: 283029
12 27 17 #SUP: 283552
12 43 #SUP: 290899
12 43 31 #SUP: 272718
12 43 31 18 #SUP: 272239
12 43 31 18 17 #SUP: 272214
12 43 31 17 #SUP: 272693
12 43 16 #SUP: 285004
12 43 16 18 #SUP: 284449
12 43 16 18 17 #SUP: 284419
12 43 16 17 #SUP: 284974
12 43 18 #SUP: 290341
12 43 18 17 #SUP: 290311
12 43 17 #SUP: 290869
12 29 #SUP: 298680
12 29 31 #SUP: 279263
12 29 31 16 #SUP: 274039
12 29 31 16 18 #SUP: 273500
12 29 31 16 18 17 #SUP: 273474
12 29 31 16 17 #SUP: 274013
12 29 31 18 #SUP: 278720
12 29 31 18 17 #SUP: 278694
12 29 31 17 #SUP: 279237
12 29 16 #SUP: 291738
12 29 16 18 #SUP: 291104
12 29 16 18 17 #SUP: 291072
12 29 16 17 #SUP: 291706
12 29 18 #SUP: 298041
12 29 18 17 #SUP: 298009
12 29 17 #SUP: 298648
12 21 #SUP: 301939
12 21 31 #SUP: 283729
12 21 31 16 #SUP: 278603
12 21 31 16 18 #SUP: 278080
12 21 31 16 18 17 #SUP: 278055
12 21 31 16 17 #SUP: 278578
12 21 31 18 #SUP: 283202
12 21 31 18 17 #SUP: 283177
12 21 31 17 #SUP: 283704
12 21 16 #SUP: 295134
12 21 16 18 #SUP: 294517
12 21 16 18 17 #SUP: 294486
12 21 16 17 #SUP: 295103
12 21 18 #SUP: 301317
12 21 18 17 #SUP: 301286
12 21 17 #SUP: 301908
12 31 #SUP: 317536
12 31 16 #SUP: 312009
12 31 16 18 #SUP: 311437
12 31 16 18 17 #SUP: 311411
12 31 16 17 #SUP: 311983
12 31 18 #SUP: 316960
12 31 18 17 #SUP: 316934
12 31 17 #SUP: 317510
12 16 #SUP: 332165
12 16 18 #SUP: 331490
12 16 18 17 #SUP: 331458
12 16 17 #SUP: 332133
12 18 #SUP: 338921
12 18 17 #SUP: 338889
12 17 #SUP: 339569
15 #SUP: 272918
15 17 #SUP: 272887
16 #SUP: 332414
16 27 #SUP: 277963
16 27 18 #SUP: 277383
16 27 18 17 #SUP: 277355
16 27 17 #SUP: 277935
16 43 #SUP: 285220
16 43 18 #SUP: 284589
16 43 18 17 #SUP: 284559
16 43 17 #SUP: 285190
16 29 #SUP: 291958
16 29 31 #SUP: 274211
16 29 31 18 #SUP: 273617
16 29 31 18 17 #SUP: 273591
16 29 31 17 #SUP: 274185
16 29 18 #SUP: 291245
16 29 18 17 #SUP: 291213
16 29 17 #SUP: 291926
16 21 #SUP: 295351
16 21 31 #SUP: 278779
16 21 31 18 #SUP: 278201
16 21 31 18 17 #SUP: 278176
16 21 31 17 #SUP: 278754
16 21 18 #SUP: 294663
16 21 18 17 #SUP: 294632
16 21 17 #SUP: 295320
16 31 #SUP: 312204
16 31 18 #SUP: 311569
16 31 18 17 #SUP: 311543
16 31 17 #SUP: 312178
16 18 #SUP: 331648
16 18 17 #SUP: 331616
16 17 #SUP: 332382
17 #SUP: 340151
17 24 #SUP: 274190
17 24 18 #SUP: 273310
17 27 #SUP: 284008
17 27 21 #SUP: 272410
17 27 18 #SUP: 283158
17 43 #SUP: 291366
17 43 31 #SUP: 273101
17 43 31 18 #SUP: 272337
17 43 18 #SUP: 290463
17 29 #SUP: 299159
17 29 31 #SUP: 279655
17 29 31 18 #SUP: 278822
17 29 18 #SUP: 298165
17 21 #SUP: 302415
17 21 31 #SUP: 284129
17 21 31 18 #SUP: 283309
17 21 18 #SUP: 301447
17 31 #SUP: 317988
17 31 18 #SUP: 317077
17 18 #SUP: 339063
18 #SUP: 339095
18 24 #SUP: 273333
18 27 #SUP: 283186
18 43 #SUP: 290493
18 43 31 #SUP: 272362
18 29 #SUP: 298197
18 29 31 #SUP: 278848
18 21 #SUP: 301478
18 21 31 #SUP: 283334
18 31 #SUP: 317103
21 #SUP: 302446
21 27 #SUP: 272438
21 31 #SUP: 284154
24 #SUP: 274213
27 #SUP: 284036
29 #SUP: 299191
29 31 #SUP: 279681
31 #SUP: 318014
31 43 #SUP: 273126
43 #SUP: 291396
