1 #SUP: 234704
1 8 #SUP: 177507
1 8 12 #SUP: 177340
1 8 12 16 #SUP: 174413
1 8 12 16 17 #SUP: 174401
1 8 12 16 17 18 #SUP: 174083
1 8 12 16 17 18 24 #SUP: 172734
1 8 12 16 17 24 #SUP: 173050
1 8 12 16 18 #SUP: 174095
1 8 12 16 18 24 #SUP: 172746
1 8 12 16 24 #SUP: 173062
1 8 12 17 #SUP: 177328
1 8 12 17 18 #SUP: 177010
1 8 12 17 18 24 #SUP: 175620
1 8 12 17 18 31 #SUP: 170835
1 8 12 17 24 #SUP: 175936
1 8 12 17 31 #SUP: 171125
1 8 12 18 #SUP: 177022
1 8 12 18 24 #SUP: 175632
1 8 12 18 31 #SUP: 170845
1 8 12 24 #SUP: 175948
1 8 12 31 #SUP: 171135
1 8 16 #SUP: 174521
1 8 16 17 #SUP: 174509
1 8 16 17 18 #SUP: 174155
1 8 16 17 18 24 #SUP: 172806
1 8 16 17 24 #SUP: 173156
1 8 16 18 #SUP: 174167
1 8 16 18 24 #SUP: 172818
1 8 16 24 #SUP: 173168
1 8 17 #SUP: 177495
1 8 17 18 #SUP: 177090
1 8 17 18 24 #SUP: 175700
1 8 17 18 31 #SUP: 170903
1 8 17 24 #SUP: 176101
1 8 17 31 #SUP: 171241
1 8 18 #SUP: 177102
1 8 18 24 #SUP: 175712
1 8 18 31 #SUP: 170913
1 8 24 #SUP: 176113
1 8 31 #SUP: 171251
1 12 #SUP: 234461
1 12 15 #SUP: 193336
1 12 15 16 #SUP: 190493
1 12 15 16 17 #SUP: 190477
1 12 15 16 17 18 #SUP: 190123
1 12 15 16 17 18 31 #SUP: 184275
1 12 15 16 17 31 #SUP: 184599
1 12 15 16 18 #SUP: 190139
1 12 15 16 18 31 #SUP: 184289
1 12 15 16 31 #SUP: 184613
1 12 15 17 #SUP: 193320
1 12 15 17 18 #SUP: 192965
1 12 15 17 18 21 #SUP: 170974
1 12 15 17 18 31 #SUP: 186630
1 12 15 17 21 #SUP: 171296
1 12 15 17 31 #SUP: 186955
1 12 15 18 #SUP: 192981
1 12 15 18 21 #SUP: 170989
1 12 15 18 31 #SUP: 186644
1 12 15 21 #SUP: 171311
1 12 15 31 #SUP: 186969
1 12 16 #SUP: 230754
1 12 16 17 #SUP: 230737
1 12 16 17 18 #SUP: 230327
1 12 16 17 18 21 #SUP: 203615
1 12 16 17 18 21 27 #SUP: 182190
1 12 16 17 18 21 27 31 #SUP: 176932
1 12 16 17 18 21 29 #SUP: 178737
1 12 16 17 18 21 29 31 #SUP: 173609
1 12 16 17 18 21 31 #SUP: 197532
1 12 16 17 18 21 31 43 #SUP: 171390
1 12 16 17 18 21 43 #SUP: 176412
1 12 16 17 18 22 #SUP: 171023
1 12 16 17 18 24 #SUP: 193681
1 12 16 17 18 24 31 #SUP: 187400
1 12 16 17 18 25 #SUP: 177731
1 12 16 17 18 25 31 #SUP: 171114
1 12 16 17 18 27 #SUP: 189661
1 12 16 17 18 27 31 #SUP: 183832
1 12 16 17 18 28 #SUP: 191763
1 12 16 17 18 28 31 #SUP: 185796
1 12 16 17 18 29 #SUP: 199815
1 12 16 17 18 29 31 #SUP: 193208
1 12 16 17 18 29 43 #SUP: 173439
1 12 16 17 18 31 #SUP: 222374
1 12 16 17 18 31 41 #SUP: 184449
1 12 16 17 18 31 43 #SUP: 193409
1 12 16 17 18 31 59 #SUP: 176449
1 12 16 17 18 41 #SUP: 188702
1 12 16 17 18 43 #SUP: 200047
1 12 16 17 18 59 #SUP: 179999
1 12 16 17 21 #SUP: 203991
1 12 16 17 21 24 #SUP: 170163
1 12 16 17 21 27 #SUP: 182476
1 12 16 17 21 27 31 #SUP: 177191
1 12 16 17 21 29 #SUP: 179089
1 12 16 17 21 29 31 #SUP: 173931
1 12 16 17 21 31 #SUP: 197876
1 12 16 17 21 31 43 #SUP: 171683
1 12 16 17 21 43 #SUP: 176731
1 12 16 17 22 #SUP: 171325
1 12 16 17 24 #SUP: 194037
1 12 16 17 24 31 #SUP: 187723
1 12 16 17 25 #SUP: 178057
1 12 16 17 25 31 #SUP: 171413
1 12 16 17 27 #SUP: 189954
1 12 16 17 27 31 #SUP: 184096
1 12 16 17 28 #SUP: 192156
1 12 16 17 28 31 #SUP: 186151
1 12 16 17 29 #SUP: 200197
1 12 16 17 29 31 #SUP: 193555
1 12 16 17 29 43 #SUP: 173760
1 12 16 17 31 #SUP: 222746
1 12 16 17 31 41 #SUP: 184770
1 12 16 17 31 43 #SUP: 193727
1 12 16 17 31 59 #SUP: 176749
1 12 16 17 41 #SUP: 189044
1 12 16 17 43 #SUP: 200394
1 12 16 17 59 #SUP: 180312
1 12 16 18 #SUP: 230344
1 12 16 18 21 #SUP: 203631
1 12 16 18 21 27 #SUP: 182204
1 12 16 18 21 27 31 #SUP: 176944
1 12 16 18 21 29 #SUP: 178753
1 12 16 18 21 29 31 #SUP: 173623
1 12 16 18 21 31 #SUP: 197546
1 12 16 18 21 31 43 #SUP: 171403
1 12 16 18 21 43 #SUP: 176427
1 12 16 18 22 #SUP: 171035
1 12 16 18 24 #SUP: 193693
1 12 16 18 24 31 #SUP: 187410
1 12 16 18 25 #SUP: 177746
1 12 16 18 25 31 #SUP: 171127
1 12 16 18 27 #SUP: 189675
1 12 16 18 27 31 #SUP: 183844
1 12 16 18 28 #SUP: 191779
1 12 16 18 28 31 #SUP: 185810
1 12 16 18 29 #SUP: 199832
1 12 16 18 29 31 #SUP: 193223
1 12 16 18 29 43 #SUP: 173455
1 12 16 18 31 #SUP: 222389
1 12 16 18 31 41 #SUP: 184462
1 12 16 18 31 43 #SUP: 193423
1 12 16 18 31 59 #SUP: 176460
1 12 16 18 41 #SUP: 188717
1 12 16 18 43 #SUP: 200063
1 12 16 18 59 #SUP: 180011
1 12 16 21 #SUP: 204007
1 12 16 21 24 #SUP: 170174
1 12 16 21 27 #SUP: 182490
1 12 16 21 27 31 #SUP: 177203
1 12 16 21 29 #SUP: 179105
1 12 16 21 29 31 #SUP: 173945
1 12 16 21 31 #SUP: 197890
1 12 16 21 31 43 #SUP: 171696
1 12 16 21 43 #SUP: 176746
1 12 16 22 #SUP: 171337
1 12 16 24 #SUP: 194049
1 12 16 24 31 #SUP: 187733
1 12 16 25 #SUP: 178072
1 12 16 25 31 #SUP: 171426
1 12 16 27 #SUP: 189968
1 12 16 27 31 #SUP: 184108
1 12 16 28 #SUP: 192172
1 12 16 28 31 #SUP: 186165
1 12 16 29 #SUP: 200214
1 12 16 29 31 #SUP: 193570
1 12 16 29 43 #SUP: 173776
1 12 16 31 #SUP: 222761
1 12 16 31 41 #SUP: 184783
1 12 16 31 43 #SUP: 193741
1 12 16 31 59 #SUP: 176760
1 12 16 41 #SUP: 189059
1 12 16 43 #SUP: 200410
1 12 16 59 #SUP: 180324
1 12 17 #SUP: 234444
1 12 17 18 #SUP: 234032
1 12 17 18 21 #SUP: 206989
1 12 17 18 21 24 #SUP: 172766
1 12 17 18 21 27 #SUP: 184732
1 12 17 18 21 27 31 #SUP: 179065
1 12 17 18 21 29 #SUP: 181893
1 12 17 18 21 29 31 #SUP: 176311
1 12 17 18 21 31 #SUP: 200390
1 12 17 18 21 31 43 #SUP: 173759
1 12 17 18 21 41 #SUP: 170244
1 12 17 18 21 43 #SUP: 179157
1 12 17 18 22 #SUP: 173618
1 12 17 18 24 #SUP: 196905
1 12 17 18 24 29 #SUP: 171869
1 12 17 18 24 31 #SUP: 190105
1 12 17 18 24 43 #SUP: 171895
1 12 17 18 25 #SUP: 180403
1 12 17 18 25 31 #SUP: 173344
1 12 17 18 27 #SUP: 192301
1 12 17 18 27 31 #SUP: 186036
1 12 17 18 28 #SUP: 195315
1 12 17 18 28 31 #SUP: 188762
1 12 17 18 29 #SUP: 203268
1 12 17 18 29 31 #SUP: 196128
1 12 17 18 29 31 43 #SUP: 170340
1 12 17 18 29 43 #SUP: 176235
1 12 17 18 31 #SUP: 225472
1 12 17 18 31 41 #SUP: 186955
1 12 17 18 31 43 #SUP: 195970
1 12 17 18 31 59 #SUP: 178707
1 12 17 18 41 #SUP: 191431
1 12 17 18 43 #SUP: 203055
1 12 17 18 59 #SUP: 182352
1 12 17 21 #SUP: 207367
1 12 17 21 24 #SUP: 173091
1 12 17 21 27 #SUP: 185020
1 12 17 21 27 31 #SUP: 179326
1 12 17 21 28 #SUP: 170433
1 12 17 21 29 #SUP: 182247
1 12 17 21 29 31 #SUP: 176635
1 12 17 21 31 #SUP: 200736
1 12 17 21 31 43 #SUP: 174053
1 12 17 21 41 #SUP: 170561
1 12 17 21 43 #SUP: 179477
1 12 17 22 #SUP: 173921
1 12 17 24 #SUP: 197262
1 12 17 24 29 #SUP: 172202
1 12 17 24 31 #SUP: 190429
1 12 17 24 43 #SUP: 172200
1 12 17 25 #SUP: 180729
1 12 17 25 31 #SUP: 173643
1 12 17 27 #SUP: 192596
1 12 17 27 31 #SUP: 186302
1 12 17 28 #SUP: 195710
1 12 17 28 31 #SUP: 189119
1 12 17 28 43 #SUP: 170318
1 12 17 29 #SUP: 203652
1 12 17 29 31 #SUP: 196477
1 12 17 29 31 43 #SUP: 170635
1 12 17 29 43 #SUP: 176557
1 12 17 31 #SUP: 225846
1 12 17 31 41 #SUP: 187278
1 12 17 31 43 #SUP: 196289
1 12 17 31 59 #SUP: 179008
1 12 17 41 #SUP: 191775
1 12 17 43 #SUP: 203403
1 12 17 59 #SUP: 182666
1 12 18 #SUP: 234049
1 12 18 21 #SUP: 207005
1 12 18 21 24 #SUP: 172777
1 12 18 21 27 #SUP: 184746
1 12 18 21 27 31 #SUP: 179077
1 12 18 21 29 #SUP: 181909
1 12 18 21 29 31 #SUP: 176325
1 12 18 21 31 #SUP: 200404
1 12 18 21 31 43 #SUP: 173772
1 12 18 21 41 #SUP: 170259
1 12 18 21 43 #SUP: 179172
1 12 18 22 #SUP: 173630
1 12 18 24 #SUP: 196917
1 12 18 24 29 #SUP: 171881
1 12 18 24 31 #SUP: 190115
1 12 18 24 43 #SUP: 171907
1 12 18 25 #SUP: 180418
1 12 18 25 31 #SUP: 173357
1 12 18 27 #SUP: 192315
1 12 18 27 31 #SUP: 186048
1 12 18 28 #SUP: 195331
1 12 18 28 31 #SUP: 188776
1 12 18 29 #SUP: 203285
1 12 18 29 31 #SUP: 196143
1 12 18 29 31 43 #SUP: 170354
1 12 18 29 43 #SUP: 176251
1 12 18 31 #SUP: 225487
1 12 18 31 41 #SUP: 186968
1 12 18 31 43 #SUP: 195984
1 12 18 31 59 #SUP: 178718
1 12 18 41 #SUP: 191446
1 12 18 43 #SUP: 203071
1 12 18 59 #SUP: 182364
1 12 21 #SUP: 207383
1 12 21 24 #SUP: 173102
1 12 21 27 #SUP: 185034
1 12 21 27 31 #SUP: 179338
1 12 21 28 #SUP: 170448
1 12 21 29 #SUP: 182263
1 12 21 29 31 #SUP: 176649
1 12 21 31 #SUP: 200750
1 12 21 31 43 #SUP: 174066
1 12 21 41 #SUP: 170576
1 12 21 43 #SUP: 179492
1 12 22 #SUP: 173933
1 12 24 #SUP: 197274
1 12 24 29 #SUP: 172214
1 12 24 31 #SUP: 190439
1 12 24 43 #SUP: 172212
1 12 25 #SUP: 180744
1 12 25 31 #SUP: 173656
1 12 27 #SUP: 192610
1 12 27 31 #SUP: 186314
1 12 28 #SUP: 195726
1 12 28 31 #SUP: 189133
1 12 28 43 #SUP: 170333
1 12 29 #SUP: 203669
1 12 29 31 #SUP: 196492
1 12 29 31 43 #SUP: 170649
1 12 29 43 #SUP: 176573
1 12 31 #SUP: 225861
1 12 31 41 #SUP: 187291
1 12 31 43 #SUP: 196303
1 12 31 59 #SUP: 179019
1 12 41 #SUP: 191790
1 12 43 #SUP: 203419
1 12 59 #SUP: 182678
1 15 #SUP: 193541
1 15 16 #SUP: 190605
1 15 16 17 #SUP: 190589
1 15 16 17 18 #SUP: 190186
1 15 16 17 18 31 #SUP: 184329
1 15 16 17 31 #SUP: 184675
1 15 16 18 #SUP: 190202
1 15 16 18 31 #SUP: 184343
1 15 16 31 #SUP: 184689
1 15 17 #SUP: 193525
1 15 17 18 #SUP: 193032
1 15 17 18 21 #SUP: 171035
1 15 17 18 31 #SUP: 186685
1 15 17 21 #SUP: 171461
1 15 17 31 #SUP: 187085
1 15 18 #SUP: 193048
1 15 18 21 #SUP: 171050
1 15 18 31 #SUP: 186699
1 15 21 #SUP: 171476
1 15 31 #SUP: 187099
1 16 #SUP: 230898
1 16 17 #SUP: 230881
1 16 17 18 #SUP: 230422
1 16 17 18 21 #SUP: 203701
1 16 17 18 21 27 #SUP: 182249
1 16 17 18 21 27 31 #SUP: 176984
1 16 17 18 21 29 #SUP: 178815
1 16 17 18 21 29 31 #SUP: 173676
1 16 17 18 21 31 #SUP: 197607
1 16 17 18 21 31 43 #SUP: 171457
1 16 17 18 21 43 #SUP: 176490
1 16 17 18 22 #SUP: 171086
1 16 17 18 24 #SUP: 193758
1 16 17 18 24 31 #SUP: 187468
1 16 17 18 25 #SUP: 177810
1 16 17 18 25 31 #SUP: 171183
1 16 17 18 27 #SUP: 189724
1 16 17 18 27 31 #SUP: 183888
1 16 17 18 28 #SUP: 191828
1 16 17 18 28 31 #SUP: 185856
1 16 17 18 29 #SUP: 199899
1 16 17 18 29 31 #SUP: 193281
1 16 17 18 29 43 #SUP: 173513
1 16 17 18 31 #SUP: 222458
1 16 17 18 31 41 #SUP: 184497
1 16 17 18 31 43 #SUP: 193483
1 16 17 18 31 59 #SUP: 176481
1 16 17 18 41 #SUP: 188752
1 16 17 18 43 #SUP: 200132
1 16 17 18 59 #SUP: 180032
1 16 17 21 #SUP: 204109
1 16 17 21 24 #SUP: 170255
1 16 17 21 27 #SUP: 182561
1 16 17 21 27 31 #SUP: 177255
1 16 17 21 29 #SUP: 179194
1 16 17 21 29 31 #SUP: 174012
1 16 17 21 31 #SUP: 197967
1 16 17 21 31 43 #SUP: 171763
1 16 17 21 43 #SUP: 176835
1 16 17 22 #SUP: 171388
1 16 17 24 #SUP: 194150
1 16 17 24 31 #SUP: 187806
1 16 17 25 #SUP: 178185
1 16 17 25 31 #SUP: 171504
1 16 17 27 #SUP: 190043
1 16 17 27 31 #SUP: 184164
1 16 17 28 #SUP: 192256
1 16 17 28 31 #SUP: 186224
1 16 17 29 #SUP: 200322
1 16 17 29 31 #SUP: 193646
1 16 17 29 43 #SUP: 173868
1 16 17 31 #SUP: 222852
1 16 17 31 41 #SUP: 184828
1 16 17 31 43 #SUP: 193819
1 16 17 31 59 #SUP: 176781
1 16 17 41 #SUP: 189109
1 16 17 43 #SUP: 200520
1 16 17 59 #SUP: 180345
1 16 18 #SUP: 230439
1 16 18 21 #SUP: 203717
1 16 18 21 27 #SUP: 182263
1 16 18 21 27 31 #SUP: 176996
1 16 18 21 29 #SUP: 178831
1 16 18 21 29 31 #SUP: 173690
1 16 18 21 31 #SUP: 197621
1 16 18 21 31 43 #SUP: 171470
1 16 18 21 43 #SUP: 176505
1 16 18 22 #SUP: 171098
1 16 18 24 #SUP: 193770
1 16 18 24 31 #SUP: 187478
1 16 18 25 #SUP: 177825
1 16 18 25 31 #SUP: 171196
1 16 18 27 #SUP: 189738
1 16 18 27 31 #SUP: 183900
1 16 18 28 #SUP: 191844
1 16 18 28 31 #SUP: 185870
1 16 18 29 #SUP: 199916
1 16 18 29 31 #SUP: 193296
1 16 18 29 43 #SUP: 173529
1 16 18 31 #SUP: 222473
1 16 18 31 41 #SUP: 184510
1 16 18 31 43 #SUP: 193497
1 16 18 31 59 #SUP: 176492
1 16 18 41 #SUP: 188767
1 16 18 43 #SUP: 200148
1 16 18 59 #SUP: 180044
1 16 21 #SUP: 204125
1 16 21 24 #SUP: 170266
1 16 21 27 #SUP: 182575
1 16 21 27 31 #SUP: 177267
1 16 21 29 #SUP: 179210
1 16 21 29 31 #SUP: 174026
1 16 21 31 #SUP: 197981
1 16 21 31 43 #SUP: 171776
1 16 21 43 #SUP: 176850
1 16 22 #SUP: 171400
1 16 24 #SUP: 194162
1 16 24 31 #SUP: 187816
1 16 25 #SUP: 178200
1 16 25 31 #SUP: 171517
1 16 27 #SUP: 190057
1 16 27 31 #SUP: 184176
1 16 28 #SUP: 192272
1 16 28 31 #SUP: 186238
1 16 29 #SUP: 200339
1 16 29 31 #SUP: 193661
1 16 29 43 #SUP: 173884
1 16 31 #SUP: 222867
1 16 31 41 #SUP: 184841
1 16 31 43 #SUP: 193833
1 16 31 59 #SUP: 176792
1 16 41 #SUP: 189124
1 16 43 #SUP: 200536
1 16 59 #SUP: 180357
1 17 #SUP: 234687
1 17 18 #SUP: 234137
1 17 18 21 #SUP: 207085
1 17 18 21 24 #SUP: 172844
1 17 18 21 27 #SUP: 184798
1 17 18 21 27 31 #SUP: 179121
1 17 18 21 28 #SUP: 170135
1 17 18 21 29 #SUP: 181981
1 17 18 21 29 31 #SUP: 176384
1 17 18 21 31 #SUP: 200471
1 17 18 21 31 43 #SUP: 173830
1 17 18 21 41 #SUP: 170294
1 17 18 21 43 #SUP: 179243
1 17 18 22 #SUP: 173690
1 17 18 24 #SUP: 196991
1 17 18 24 29 #SUP: 171944
1 17 18 24 31 #SUP: 190178
1 17 18 24 43 #SUP: 171971
1 17 18 25 #SUP: 180489
1 17 18 25 31 #SUP: 173418
1 17 18 27 #SUP: 192371
1 17 18 27 31 #SUP: 186096
1 17 18 28 #SUP: 195388
1 17 18 28 31 #SUP: 188827
1 17 18 29 #SUP: 203362
1 17 18 29 31 #SUP: 196207
1 17 18 29 31 43 #SUP: 170407
1 17 18 29 43 #SUP: 176317
1 17 18 31 #SUP: 225562
1 17 18 31 41 #SUP: 187006
1 17 18 31 43 #SUP: 196048
1 17 18 31 59 #SUP: 178744
1 17 18 41 #SUP: 191484
1 17 18 43 #SUP: 203148
1 17 18 59 #SUP: 182390
1 17 21 #SUP: 207567
1 17 21 24 #SUP: 173235
1 17 21 27 #SUP: 185177
1 17 21 27 31 #SUP: 179429
1 17 21 28 #SUP: 170563
1 17 21 29 #SUP: 182419
1 17 21 29 31 #SUP: 176750
1 17 21 31 #SUP: 200873
1 17 21 31 43 #SUP: 174168
1 17 21 41 #SUP: 170627
1 17 21 43 #SUP: 179647
1 17 22 #SUP: 173993
1 17 24 #SUP: 197441
1 17 24 29 #SUP: 172350
1 17 24 31 #SUP: 190553
1 17 24 43 #SUP: 172354
1 17 25 #SUP: 180953
1 17 25 31 #SUP: 173792
1 17 27 #SUP: 192758
1 17 27 31 #SUP: 186409
1 17 28 #SUP: 195873
1 17 28 31 #SUP: 189229
1 17 28 43 #SUP: 170457
1 17 29 #SUP: 203858
1 17 29 31 #SUP: 196612
1 17 29 31 43 #SUP: 170748
1 17 29 43 #SUP: 176733
1 17 31 #SUP: 226011
1 17 31 41 #SUP: 187353
1 17 31 43 #SUP: 196429
1 17 31 59 #SUP: 179048
1 17 41 #SUP: 191860
1 17 43 #SUP: 203611
1 17 59 #SUP: 182707
1 18 #SUP: 234154
1 18 21 #SUP: 207101
1 18 21 24 #SUP: 172855
1 18 21 27 #SUP: 184812
1 18 21 27 31 #SUP: 179133
1 18 21 28 #SUP: 170150
1 18 21 29 #SUP: 181997
1 18 21 29 31 #SUP: 176398
1 18 21 31 #SUP: 200485
1 18 21 31 43 #SUP: 173843
1 18 21 41 #SUP: 170309
1 18 21 43 #SUP: 179258
1 18 22 #SUP: 173702
1 18 24 #SUP: 197003
1 18 24 29 #SUP: 171956
1 18 24 31 #SUP: 190188
1 18 24 43 #SUP: 171983
1 18 25 #SUP: 180504
1 18 25 31 #SUP: 173431
1 18 27 #SUP: 192385
1 18 27 31 #SUP: 186108
1 18 28 #SUP: 195404
1 18 28 31 #SUP: 188841
1 18 29 #SUP: 203379
1 18 29 31 #SUP: 196222
1 18 29 31 43 #SUP: 170421
1 18 29 43 #SUP: 176333
1 18 31 #SUP: 225577
1 18 31 41 #SUP: 187019
1 18 31 43 #SUP: 196062
1 18 31 59 #SUP: 178755
1 18 41 #SUP: 191499
1 18 43 #SUP: 203164
1 18 59 #SUP: 182402
1 21 #SUP: 207583
1 21 24 #SUP: 173246
1 21 27 #SUP: 185191
1 21 27 31 #SUP: 179441
1 21 28 #SUP: 170578
1 21 29 #SUP: 182435
1 21 29 31 #SUP: 176764
1 21 31 #SUP: 200887
1 21 31 43 #SUP: 174181
1 21 41 #SUP: 170642
1 21 43 #SUP: 179662
1 22 #SUP: 174005
1 24 #SUP: 197453
1 24 29 #SUP: 172362
1 24 31 #SUP: 190563
1 24 43 #SUP: 172366
1 25 #SUP: 180968
1 25 31 #SUP: 173805
1 27 #SUP: 192772
1 27 31 #SUP: 186421
1 28 #SUP: 195889
1 28 31 #SUP: 189243
1 28 43 #SUP: 170472
1 29 #SUP: 203875
1 29 31 #SUP: 196627
1 29 31 43 #SUP: 170762
1 29 43 #SUP: 176749
1 31 #SUP: 226026
1 31 41 #SUP: 187366
1 31 43 #SUP: 196443
1 31 59 #SUP: 179059
1 41 #SUP: 191875
1 43 #SUP: 203627
1 59 #SUP: 182719
8 #SUP: 239061
8 12 #SUP: 238657
8 12 15 #SUP: 190505
8 12 15 16 #SUP: 186516
8 12 15 16 17 #SUP: 186497
8 12 15 16 17 18 #SUP: 186095
8 12 15 16 17 18 24 #SUP: 184261
8 12 15 16 17 18 24 31 #SUP: 175400
8 12 15 16 17 18 31 #SUP: 177065
8 12 15 16 17 24 #SUP: 184658
8 12 15 16 17 24 31 #SUP: 175746
8 12 15 16 17 31 #SUP: 177415
8 12 15 16 18 #SUP: 186114
8 12 15 16 18 24 #SUP: 184280
8 12 15 16 18 24 31 #SUP: 175414
8 12 15 16 18 31 #SUP: 177079
8 12 15 16 24 #SUP: 184677
8 12 15 16 24 31 #SUP: 175760
8 12 15 16 31 #SUP: 177429
8 12 15 17 #SUP: 190486
8 12 15 17 18 #SUP: 190083
8 12 15 17 18 24 #SUP: 188180
8 12 15 17 18 24 31 #SUP: 178318
8 12 15 17 18 31 #SUP: 180028
8 12 15 17 24 #SUP: 188578
8 12 15 17 24 31 #SUP: 178664
8 12 15 17 31 #SUP: 180378
8 12 15 18 #SUP: 190102
8 12 15 18 24 #SUP: 188199
8 12 15 18 24 31 #SUP: 178332
8 12 15 18 31 #SUP: 180042
8 12 15 24 #SUP: 188597
8 12 15 24 31 #SUP: 178678
8 12 15 31 #SUP: 180392
8 12 16 #SUP: 233420
8 12 16 17 #SUP: 233400
8 12 16 17 18 #SUP: 232917
8 12 16 17 18 21 #SUP: 203853
8 12 16 17 18 21 24 #SUP: 201733
8 12 16 17 18 21 24 27 #SUP: 180452
8 12 16 17 18 21 24 27 31 #SUP: 171104
8 12 16 17 18 21 24 29 #SUP: 180465
8 12 16 17 18 21 24 29 31 #SUP: 170923
8 12 16 17 18 21 24 31 #SUP: 191079
8 12 16 17 18 21 24 43 #SUP: 174057
8 12 16 17 18 21 27 #SUP: 182310
8 12 16 17 18 21 27 31 #SUP: 172786
8 12 16 17 18 21 29 #SUP: 182355
8 12 16 17 18 21 29 31 #SUP: 172633
8 12 16 17 18 21 31 #SUP: 192994
8 12 16 17 18 21 43 #SUP: 175829
8 12 16 17 18 24 #SUP: 230470
8 12 16 17 18 24 25 #SUP: 179304
8 12 16 17 18 24 27 #SUP: 188670
8 12 16 17 18 24 27 31 #SUP: 178582
8 12 16 17 18 24 28 #SUP: 185366
8 12 16 17 18 24 28 31 #SUP: 177964
8 12 16 17 18 24 29 #SUP: 203893
8 12 16 17 18 24 29 31 #SUP: 192262
8 12 16 17 18 24 29 43 #SUP: 176282
8 12 16 17 18 24 31 #SUP: 217358
8 12 16 17 18 24 31 41 #SUP: 176505
8 12 16 17 18 24 31 43 #SUP: 188572
8 12 16 17 18 24 31 59 #SUP: 170528
8 12 16 17 18 24 41 #SUP: 181802
8 12 16 17 18 24 43 #SUP: 199386
8 12 16 17 18 24 59 #SUP: 173870
8 12 16 17 18 25 #SUP: 181176
8 12 16 17 18 25 31 #SUP: 170138
8 12 16 17 18 27 #SUP: 190616
8 12 16 17 18 27 31 #SUP: 180331
8 12 16 17 18 28 #SUP: 187123
8 12 16 17 18 28 31 #SUP: 179562
8 12 16 17 18 29 #SUP: 206044
8 12 16 17 18 29 31 #SUP: 194188
8 12 16 17 18 29 43 #SUP: 178084
8 12 16 17 18 31 #SUP: 219548
8 12 16 17 18 31 41 #SUP: 178223
8 12 16 17 18 31 43 #SUP: 190412
8 12 16 17 18 31 59 #SUP: 171934
8 12 16 17 18 41 #SUP: 183629
8 12 16 17 18 43 #SUP: 201446
8 12 16 17 18 59 #SUP: 175346
8 12 16 17 21 #SUP: 204291
8 12 16 17 21 24 #SUP: 202163
8 12 16 17 21 24 27 #SUP: 180788
8 12 16 17 21 24 27 31 #SUP: 171388
8 12 16 17 21 24 29 #SUP: 180874
8 12 16 17 21 24 29 31 #SUP: 171275
8 12 16 17 21 24 31 #SUP: 191449
8 12 16 17 21 24 43 #SUP: 174414
8 12 16 17 21 27 #SUP: 182652
8 12 16 17 21 27 31 #SUP: 173073
8 12 16 17 21 29 #SUP: 182772
8 12 16 17 21 29 31 #SUP: 172990
8 12 16 17 21 31 #SUP: 193369
8 12 16 17 21 43 #SUP: 176191
8 12 16 17 24 #SUP: 230945
8 12 16 17 24 25 #SUP: 179677
8 12 16 17 24 27 #SUP: 189017
8 12 16 17 24 27 31 #SUP: 178875
8 12 16 17 24 28 #SUP: 185816
8 12 16 17 24 28 31 #SUP: 178350
8 12 16 17 24 29 #SUP: 204343
8 12 16 17 24 29 31 #SUP: 192647
8 12 16 17 24 29 43 #SUP: 176656
8 12 16 17 24 31 #SUP: 217765
8 12 16 17 24 31 41 #SUP: 176843
8 12 16 17 24 31 43 #SUP: 188914
8 12 16 17 24 31 59 #SUP: 170839
8 12 16 17 24 41 #SUP: 182170
8 12 16 17 24 43 #SUP: 199781
8 12 16 17 24 59 #SUP: 174200
8 12 16 17 25 #SUP: 181554
8 12 16 17 25 31 #SUP: 170467
8 12 16 17 27 #SUP: 190969
8 12 16 17 27 31 #SUP: 180627
8 12 16 17 28 #SUP: 187578
8 12 16 17 28 31 #SUP: 179951
8 12 16 17 29 #SUP: 206502
8 12 16 17 29 31 #SUP: 194578
8 12 16 17 29 43 #SUP: 178463
8 12 16 17 31 #SUP: 219960
8 12 16 17 31 41 #SUP: 178566
8 12 16 17 31 43 #SUP: 190757
8 12 16 17 31 59 #SUP: 172248
8 12 16 17 41 #SUP: 184003
8 12 16 17 43 #SUP: 201846
8 12 16 17 59 #SUP: 175680
8 12 16 18 #SUP: 232937
8 12 16 18 21 #SUP: 203872
8 12 16 18 21 24 #SUP: 201752
8 12 16 18 21 24 27 #SUP: 180469
8 12 16 18 21 24 27 31 #SUP: 171116
8 12 16 18 21 24 29 #SUP: 180484
8 12 16 18 21 24 29 31 #SUP: 170937
8 12 16 18 21 24 31 #SUP: 191093
8 12 16 18 21 24 43 #SUP: 174075
8 12 16 18 21 27 #SUP: 182327
8 12 16 18 21 27 31 #SUP: 172798
8 12 16 18 21 29 #SUP: 182374
8 12 16 18 21 29 31 #SUP: 172647
8 12 16 18 21 31 #SUP: 193008
8 12 16 18 21 43 #SUP: 175847
8 12 16 18 24 #SUP: 230490
8 12 16 18 24 25 #SUP: 179319
8 12 16 18 24 27 #SUP: 188687
8 12 16 18 24 27 31 #SUP: 178594
8 12 16 18 24 28 #SUP: 185386
8 12 16 18 24 28 31 #SUP: 177979
8 12 16 18 24 29 #SUP: 203913
8 12 16 18 24 29 31 #SUP: 192277
8 12 16 18 24 29 43 #SUP: 176301
8 12 16 18 24 31 #SUP: 217373
8 12 16 18 24 31 41 #SUP: 176518
8 12 16 18 24 31 43 #SUP: 188587
8 12 16 18 24 31 59 #SUP: 170539
8 12 16 18 24 41 #SUP: 181818
8 12 16 18 24 43 #SUP: 199405
8 12 16 18 24 59 #SUP: 173883
8 12 16 18 25 #SUP: 181191
8 12 16 18 25 31 #SUP: 170148
8 12 16 18 27 #SUP: 190633
8 12 16 18 27 31 #SUP: 180343
8 12 16 18 28 #SUP: 187143
8 12 16 18 28 31 #SUP: 179577
8 12 16 18 29 #SUP: 206064
8 12 16 18 29 31 #SUP: 194203
8 12 16 18 29 43 #SUP: 178103
8 12 16 18 31 #SUP: 219563
8 12 16 18 31 41 #SUP: 178236
8 12 16 18 31 43 #SUP: 190427
8 12 16 18 31 59 #SUP: 171945
8 12 16 18 41 #SUP: 183645
8 12 16 18 43 #SUP: 201465
8 12 16 18 59 #SUP: 175359
8 12 16 21 #SUP: 204310
8 12 16 21 24 #SUP: 202182
8 12 16 21 24 27 #SUP: 180805
8 12 16 21 24 27 31 #SUP: 171400
8 12 16 21 24 29 #SUP: 180893
8 12 16 21 24 29 31 #SUP: 171289
8 12 16 21 24 31 #SUP: 191463
8 12 16 21 24 43 #SUP: 174432
8 12 16 21 27 #SUP: 182669
8 12 16 21 27 31 #SUP: 173085
8 12 16 21 29 #SUP: 182791
8 12 16 21 29 31 #SUP: 173004
8 12 16 21 31 #SUP: 193383
8 12 16 21 43 #SUP: 176209
8 12 16 24 #SUP: 230965
8 12 16 24 25 #SUP: 179692
8 12 16 24 27 #SUP: 189034
8 12 16 24 27 31 #SUP: 178887
8 12 16 24 28 #SUP: 185836
8 12 16 24 28 31 #SUP: 178365
8 12 16 24 29 #SUP: 204363
8 12 16 24 29 31 #SUP: 192662
8 12 16 24 29 43 #SUP: 176675
8 12 16 24 31 #SUP: 217780
8 12 16 24 31 41 #SUP: 176856
8 12 16 24 31 43 #SUP: 188929
8 12 16 24 31 59 #SUP: 170850
8 12 16 24 41 #SUP: 182186
8 12 16 24 43 #SUP: 199800
8 12 16 24 59 #SUP: 174213
8 12 16 25 #SUP: 181569
8 12 16 25 31 #SUP: 170477
8 12 16 27 #SUP: 190986
8 12 16 27 31 #SUP: 180639
8 12 16 28 #SUP: 187598
8 12 16 28 31 #SUP: 179966
8 12 16 29 #SUP: 206522
8 12 16 29 31 #SUP: 194593
8 12 16 29 43 #SUP: 178482
8 12 16 31 #SUP: 219975
8 12 16 31 41 #SUP: 178579
8 12 16 31 43 #SUP: 190772
8 12 16 31 59 #SUP: 172259
8 12 16 41 #SUP: 184019
8 12 16 43 #SUP: 201865
8 12 16 59 #SUP: 175693
8 12 17 #SUP: 238637
8 12 17 18 #SUP: 238152
8 12 17 18 21 #SUP: 208587
8 12 17 18 21 24 #SUP: 206376
8 12 17 18 21 24 27 #SUP: 184123
8 12 17 18 21 24 27 31 #SUP: 173859
8 12 17 18 21 24 29 #SUP: 184831
8 12 17 18 21 24 29 31 #SUP: 174284
8 12 17 18 21 24 31 #SUP: 194613
8 12 17 18 21 24 43 #SUP: 177739
8 12 17 18 21 27 #SUP: 186057
8 12 17 18 21 27 31 #SUP: 175595
8 12 17 18 21 29 #SUP: 186809
8 12 17 18 21 29 31 #SUP: 176061
8 12 17 18 21 31 #SUP: 196595
8 12 17 18 21 43 #SUP: 179572
8 12 17 18 24 #SUP: 235604
8 12 17 18 24 25 #SUP: 182937
8 12 17 18 24 25 31 #SUP: 171222
8 12 17 18 24 27 #SUP: 192516
8 12 17 18 24 27 29 #SUP: 170503
8 12 17 18 24 27 31 #SUP: 181449
8 12 17 18 24 28 #SUP: 190254
8 12 17 18 24 28 31 #SUP: 181626
8 12 17 18 24 29 #SUP: 208701
8 12 17 18 24 29 31 #SUP: 195912
8 12 17 18 24 29 43 #SUP: 180088
8 12 17 18 24 31 #SUP: 221210
8 12 17 18 24 31 41 #SUP: 179473
8 12 17 18 24 31 43 #SUP: 191667
8 12 17 18 24 31 59 #SUP: 173165
8 12 17 18 24 41 #SUP: 185202
8 12 17 18 24 43 #SUP: 203450
8 12 17 18 24 59 #SUP: 176705
8 12 17 18 25 #SUP: 184871
8 12 17 18 25 31 #SUP: 172918
8 12 17 18 27 #SUP: 194541
8 12 17 18 27 29 #SUP: 172293
8 12 17 18 27 31 #SUP: 183253
8 12 17 18 28 #SUP: 192105
8 12 17 18 28 31 #SUP: 183289
8 12 17 18 29 #SUP: 210950
8 12 17 18 29 31 #SUP: 197909
8 12 17 18 29 31 43 #SUP: 171248
8 12 17 18 29 43 #SUP: 181957
8 12 17 18 31 #SUP: 223471
8 12 17 18 31 41 #SUP: 181251
8 12 17 18 31 43 #SUP: 193552
8 12 17 18 31 59 #SUP: 174610
8 12 17 18 41 #SUP: 187096
8 12 17 18 43 #SUP: 205579
8 12 17 18 59 #SUP: 178221
8 12 17 21 #SUP: 209027
8 12 17 21 24 #SUP: 206808
8 12 17 21 24 27 #SUP: 184461
8 12 17 21 24 27 31 #SUP: 174144
8 12 17 21 24 29 #SUP: 185242
8 12 17 21 24 29 31 #SUP: 174637
8 12 17 21 24 31 #SUP: 194984
8 12 17 21 24 43 #SUP: 178097
8 12 17 21 27 #SUP: 186401
8 12 17 21 27 31 #SUP: 175883
8 12 17 21 29 #SUP: 187228
8 12 17 21 29 31 #SUP: 176419
8 12 17 21 31 #SUP: 196971
8 12 17 21 31 43 #SUP: 170128
8 12 17 21 43 #SUP: 179935
8 12 17 24 #SUP: 236081
8 12 17 24 25 #SUP: 183310
8 12 17 24 25 31 #SUP: 171548
8 12 17 24 27 #SUP: 192865
8 12 17 24 27 29 #SUP: 170834
8 12 17 24 27 31 #SUP: 181743
8 12 17 24 28 #SUP: 190705
8 12 17 24 28 31 #SUP: 182012
8 12 17 24 29 #SUP: 209153
8 12 17 24 29 31 #SUP: 196298
8 12 17 24 29 43 #SUP: 180463
8 12 17 24 31 #SUP: 221618
8 12 17 24 31 41 #SUP: 179812
8 12 17 24 31 43 #SUP: 192010
8 12 17 24 31 59 #SUP: 173476
8 12 17 24 41 #SUP: 185572
8 12 17 24 43 #SUP: 203846
8 12 17 24 59 #SUP: 177035
8 12 17 25 #SUP: 185249
8 12 17 25 31 #SUP: 173247
8 12 17 27 #SUP: 194896
8 12 17 27 29 #SUP: 172630
8 12 17 27 31 #SUP: 183550
8 12 17 28 #SUP: 192561
8 12 17 28 31 #SUP: 183678
8 12 17 29 #SUP: 211410
8 12 17 29 31 #SUP: 198300
8 12 17 29 31 43 #SUP: 171574
8 12 17 29 43 #SUP: 182337
8 12 17 31 #SUP: 223884
8 12 17 31 41 #SUP: 181595
8 12 17 31 43 #SUP: 193898
8 12 17 31 59 #SUP: 174924
8 12 17 41 #SUP: 187472
8 12 17 43 #SUP: 205980
8 12 17 59 #SUP: 178555
8 12 18 #SUP: 238172
8 12 18 21 #SUP: 208606
8 12 18 21 24 #SUP: 206395
8 12 18 21 24 27 #SUP: 184140
8 12 18 21 24 27 31 #SUP: 173871
8 12 18 21 24 29 #SUP: 184850
8 12 18 21 24 29 31 #SUP: 174298
8 12 18 21 24 31 #SUP: 194627
8 12 18 21 24 43 #SUP: 177757
8 12 18 21 27 #SUP: 186074
8 12 18 21 27 31 #SUP: 175607
8 12 18 21 29 #SUP: 186828
8 12 18 21 29 31 #SUP: 176075
8 12 18 21 31 #SUP: 196609
8 12 18 21 43 #SUP: 179590
8 12 18 24 #SUP: 235624
8 12 18 24 25 #SUP: 182952
8 12 18 24 25 31 #SUP: 171232
8 12 18 24 27 #SUP: 192533
8 12 18 24 27 29 #SUP: 170520
8 12 18 24 27 31 #SUP: 181461
8 12 18 24 28 #SUP: 190274
8 12 18 24 28 31 #SUP: 181641
8 12 18 24 29 #SUP: 208721
8 12 18 24 29 31 #SUP: 195927
8 12 18 24 29 43 #SUP: 180107
8 12 18 24 31 #SUP: 221225
8 12 18 24 31 41 #SUP: 179486
8 12 18 24 31 43 #SUP: 191682
8 12 18 24 31 59 #SUP: 173176
8 12 18 24 41 #SUP: 185218
8 12 18 24 43 #SUP: 203469
8 12 18 24 59 #SUP: 176718
8 12 18 25 #SUP: 184886
8 12 18 25 31 #SUP: 172928
8 12 18 27 #SUP: 194558
8 12 18 27 29 #SUP: 172310
8 12 18 27 31 #SUP: 183265
8 12 18 28 #SUP: 192125
8 12 18 28 31 #SUP: 183304
8 12 18 29 #SUP: 210970
8 12 18 29 31 #SUP: 197924
8 12 18 29 31 43 #SUP: 171263
8 12 18 29 43 #SUP: 181976
8 12 18 31 #SUP: 223486
8 12 18 31 41 #SUP: 181264
8 12 18 31 43 #SUP: 193567
8 12 18 31 59 #SUP: 174621
8 12 18 41 #SUP: 187112
8 12 18 43 #SUP: 205598
8 12 18 59 #SUP: 178234
8 12 21 #SUP: 209046
8 12 21 24 #SUP: 206827
8 12 21 24 27 #SUP: 184478
8 12 21 24 27 31 #SUP: 174156
8 12 21 24 29 #SUP: 185261
8 12 21 24 29 31 #SUP: 174651
8 12 21 24 31 #SUP: 194998
8 12 21 24 43 #SUP: 178115
8 12 21 27 #SUP: 186418
8 12 21 27 31 #SUP: 175895
8 12 21 29 #SUP: 187247
8 12 21 29 31 #SUP: 176433
8 12 21 31 #SUP: 196985
8 12 21 31 43 #SUP: 170142
8 12 21 43 #SUP: 179953
8 12 24 #SUP: 236101
8 12 24 25 #SUP: 183325
8 12 24 25 31 #SUP: 171558
8 12 24 27 #SUP: 192882
8 12 24 27 29 #SUP: 170851
8 12 24 27 31 #SUP: 181755
8 12 24 28 #SUP: 190725
8 12 24 28 31 #SUP: 182027
8 12 24 29 #SUP: 209173
8 12 24 29 31 #SUP: 196313
8 12 24 29 43 #SUP: 180482
8 12 24 31 #SUP: 221633
8 12 24 31 41 #SUP: 179825
8 12 24 31 43 #SUP: 192025
8 12 24 31 59 #SUP: 173487
8 12 24 41 #SUP: 185588
8 12 24 43 #SUP: 203865
8 12 24 59 #SUP: 177048
8 12 25 #SUP: 185264
8 12 25 31 #SUP: 173257
8 12 27 #SUP: 194913
8 12 27 29 #SUP: 172647
8 12 27 31 #SUP: 183562
8 12 28 #SUP: 192581
8 12 28 31 #SUP: 183693
8 12 29 #SUP: 211430
8 12 29 31 #SUP: 198315
8 12 29 31 43 #SUP: 171589
8 12 29 43 #SUP: 182356
8 12 31 #SUP: 223899
8 12 31 41 #SUP: 181608
8 12 31 43 #SUP: 193913
8 12 31 59 #SUP: 174935
8 12 41 #SUP: 187488
8 12 43 #SUP: 205999
8 12 59 #SUP: 178568
8 15 #SUP: 190859
8 15 16 #SUP: 186651
8 15 16 17 #SUP: 186632
8 15 16 17 18 #SUP: 186162
8 15 16 17 18 24 #SUP: 184328
8 15 16 17 18 24 31 #SUP: 175454
8 15 16 17 18 31 #SUP: 177119
8 15 16 17 24 #SUP: 184791
8 15 16 17 24 31 #SUP: 175845
8 15 16 17 31 #SUP: 177515
8 15 16 18 #SUP: 186181
8 15 16 18 24 #SUP: 184347
8 15 16 18 24 31 #SUP: 175468
8 15 16 18 31 #SUP: 177133
8 15 16 24 #SUP: 184810
8 15 16 24 31 #SUP: 175859
8 15 16 31 #SUP: 177529
8 15 17 #SUP: 190840
8 15 17 18 #SUP: 190156
8 15 17 18 24 #SUP: 188253
8 15 17 18 24 31 #SUP: 178374
8 15 17 18 31 #SUP: 180084
8 15 17 24 #SUP: 188929
8 15 17 24 31 #SUP: 178955
8 15 17 31 #SUP: 180671
8 15 18 #SUP: 190175
8 15 18 24 #SUP: 188272
8 15 18 24 31 #SUP: 178388
8 15 18 31 #SUP: 180098
8 15 24 #SUP: 188948
8 15 24 31 #SUP: 178969
8 15 31 #SUP: 180685
8 16 #SUP: 233600
8 16 17 #SUP: 233580
8 16 17 18 #SUP: 233029
8 16 17 18 21 #SUP: 203956
8 16 17 18 21 24 #SUP: 201836
8 16 17 18 21 24 27 #SUP: 180527
8 16 17 18 21 24 27 31 #SUP: 171164
8 16 17 18 21 24 29 #SUP: 180557
8 16 17 18 21 24 29 31 #SUP: 170999
8 16 17 18 21 24 31 #SUP: 191164
8 16 17 18 21 24 43 #SUP: 174148
8 16 17 18 21 27 #SUP: 182385
8 16 17 18 21 27 31 #SUP: 172846
8 16 17 18 21 29 #SUP: 182447
8 16 17 18 21 29 31 #SUP: 172709
8 16 17 18 21 31 #SUP: 193079
8 16 17 18 21 43 #SUP: 175920
8 16 17 18 24 #SUP: 230582
8 16 17 18 24 25 #SUP: 179395
8 16 17 18 24 27 #SUP: 188749
8 16 17 18 24 27 31 #SUP: 178646
8 16 17 18 24 28 #SUP: 185438
8 16 17 18 24 28 31 #SUP: 178031
8 16 17 18 24 29 #SUP: 203991
8 16 17 18 24 29 31 #SUP: 192344
8 16 17 18 24 29 43 #SUP: 176367
8 16 17 18 24 31 #SUP: 217452
8 16 17 18 24 31 41 #SUP: 176555
8 16 17 18 24 31 43 #SUP: 188654
8 16 17 18 24 31 59 #SUP: 170566
8 16 17 18 24 41 #SUP: 181856
8 16 17 18 24 43 #SUP: 199485
8 16 17 18 24 59 #SUP: 173909
8 16 17 18 25 #SUP: 181267
8 16 17 18 25 31 #SUP: 170214
8 16 17 18 27 #SUP: 190695
8 16 17 18 27 31 #SUP: 180395
8 16 17 18 28 #SUP: 187195
8 16 17 18 28 31 #SUP: 179629
8 16 17 18 29 #SUP: 206142
8 16 17 18 29 31 #SUP: 194270
8 16 17 18 29 43 #SUP: 178169
8 16 17 18 31 #SUP: 219642
8 16 17 18 31 41 #SUP: 178273
8 16 17 18 31 43 #SUP: 190494
8 16 17 18 31 59 #SUP: 171972
8 16 17 18 41 #SUP: 183683
8 16 17 18 43 #SUP: 201545
8 16 17 18 59 #SUP: 175385
8 16 17 21 #SUP: 204447
8 16 17 21 24 #SUP: 202317
8 16 17 21 24 27 #SUP: 180906
8 16 17 21 24 27 31 #SUP: 171480
8 16 17 21 24 29 #SUP: 181011
8 16 17 21 24 29 31 #SUP: 171386
8 16 17 21 24 31 #SUP: 191572
8 16 17 21 24 43 #SUP: 174548
8 16 17 21 27 #SUP: 182772
8 16 17 21 27 31 #SUP: 173166
8 16 17 21 29 #SUP: 182911
8 16 17 21 29 31 #SUP: 173102
8 16 17 21 31 #SUP: 193493
8 16 17 21 43 #SUP: 176327
8 16 17 24 #SUP: 231123
8 16 17 24 25 #SUP: 179834
8 16 17 24 27 #SUP: 189140
8 16 17 24 27 31 #SUP: 178971
8 16 17 24 28 #SUP: 185940
8 16 17 24 28 31 #SUP: 178451
8 16 17 24 29 #SUP: 204498
8 16 17 24 29 31 #SUP: 192769
8 16 17 24 29 43 #SUP: 176789
8 16 17 24 31 #SUP: 217904
8 16 17 24 31 41 #SUP: 176931
8 16 17 24 31 43 #SUP: 189035
8 16 17 24 31 59 #SUP: 170878
8 16 17 24 41 #SUP: 182264
8 16 17 24 43 #SUP: 199936
8 16 17 24 59 #SUP: 174240
8 16 17 25 #SUP: 181713
8 16 17 25 31 #SUP: 170589
8 16 17 27 #SUP: 191094
8 16 17 27 31 #SUP: 180724
8 16 17 28 #SUP: 187703
8 16 17 28 31 #SUP: 180053
8 16 17 29 #SUP: 206659
8 16 17 29 31 #SUP: 194701
8 16 17 29 43 #SUP: 178598
8 16 17 31 #SUP: 220100
8 16 17 31 41 #SUP: 178654
8 16 17 31 43 #SUP: 190879
8 16 17 31 59 #SUP: 172287
8 16 17 41 #SUP: 184097
8 16 17 43 #SUP: 202003
8 16 17 59 #SUP: 175720
8 16 18 #SUP: 233049
8 16 18 21 #SUP: 203975
8 16 18 21 24 #SUP: 201855
8 16 18 21 24 27 #SUP: 180544
8 16 18 21 24 27 31 #SUP: 171176
8 16 18 21 24 29 #SUP: 180576
8 16 18 21 24 29 31 #SUP: 171013
8 16 18 21 24 31 #SUP: 191178
8 16 18 21 24 43 #SUP: 174166
8 16 18 21 27 #SUP: 182402
8 16 18 21 27 31 #SUP: 172858
8 16 18 21 29 #SUP: 182466
8 16 18 21 29 31 #SUP: 172723
8 16 18 21 31 #SUP: 193093
8 16 18 21 43 #SUP: 175938
8 16 18 24 #SUP: 230602
8 16 18 24 25 #SUP: 179410
8 16 18 24 27 #SUP: 188766
8 16 18 24 27 31 #SUP: 178658
8 16 18 24 28 #SUP: 185458
8 16 18 24 28 31 #SUP: 178046
8 16 18 24 29 #SUP: 204011
8 16 18 24 29 31 #SUP: 192359
8 16 18 24 29 43 #SUP: 176386
8 16 18 24 31 #SUP: 217467
8 16 18 24 31 41 #SUP: 176568
8 16 18 24 31 43 #SUP: 188669
8 16 18 24 31 59 #SUP: 170577
8 16 18 24 41 #SUP: 181872
8 16 18 24 43 #SUP: 199504
8 16 18 24 59 #SUP: 173922
8 16 18 25 #SUP: 181282
8 16 18 25 31 #SUP: 170224
8 16 18 27 #SUP: 190712
8 16 18 27 31 #SUP: 180407
8 16 18 28 #SUP: 187215
8 16 18 28 31 #SUP: 179644
8 16 18 29 #SUP: 206162
8 16 18 29 31 #SUP: 194285
8 16 18 29 43 #SUP: 178188
8 16 18 31 #SUP: 219657
8 16 18 31 41 #SUP: 178286
8 16 18 31 43 #SUP: 190509
8 16 18 31 59 #SUP: 171983
8 16 18 41 #SUP: 183699
8 16 18 43 #SUP: 201564
8 16 18 59 #SUP: 175398
8 16 21 #SUP: 204466
8 16 21 24 #SUP: 202336
8 16 21 24 27 #SUP: 180923
8 16 21 24 27 31 #SUP: 171492
8 16 21 24 29 #SUP: 181030
8 16 21 24 29 31 #SUP: 171400
8 16 21 24 31 #SUP: 191586
8 16 21 24 43 #SUP: 174566
8 16 21 27 #SUP: 182789
8 16 21 27 31 #SUP: 173178
8 16 21 29 #SUP: 182930
8 16 21 29 31 #SUP: 173116
8 16 21 31 #SUP: 193507
8 16 21 43 #SUP: 176345
8 16 24 #SUP: 231143
8 16 24 25 #SUP: 179849
8 16 24 27 #SUP: 189157
8 16 24 27 31 #SUP: 178983
8 16 24 28 #SUP: 185960
8 16 24 28 31 #SUP: 178466
8 16 24 29 #SUP: 204518
8 16 24 29 31 #SUP: 192784
8 16 24 29 43 #SUP: 176808
8 16 24 31 #SUP: 217919
8 16 24 31 41 #SUP: 176944
8 16 24 31 43 #SUP: 189050
8 16 24 31 59 #SUP: 170889
8 16 24 41 #SUP: 182280
8 16 24 43 #SUP: 199955
8 16 24 59 #SUP: 174253
8 16 25 #SUP: 181728
8 16 25 31 #SUP: 170599
8 16 27 #SUP: 191111
8 16 27 31 #SUP: 180736
8 16 28 #SUP: 187723
8 16 28 31 #SUP: 180068
8 16 29 #SUP: 206679
8 16 29 31 #SUP: 194716
8 16 29 43 #SUP: 178617
8 16 31 #SUP: 220115
8 16 31 41 #SUP: 178667
8 16 31 43 #SUP: 190894
8 16 31 59 #SUP: 172298
8 16 41 #SUP: 184113
8 16 43 #SUP: 202022
8 16 59 #SUP: 175733
8 17 #SUP: 239041
8 17 18 #SUP: 238275
8 17 18 21 #SUP: 208700
8 17 18 21 24 #SUP: 206489
8 17 18 21 24 27 #SUP: 184206
8 17 18 21 24 27 31 #SUP: 173924
8 17 18 21 24 29 #SUP: 184933
8 17 18 21 24 29 31 #SUP: 174366
8 17 18 21 24 31 #SUP: 194704
8 17 18 21 24 43 #SUP: 177839
8 17 18 21 27 #SUP: 186140
8 17 18 21 27 31 #SUP: 175660
8 17 18 21 29 #SUP: 186911
8 17 18 21 29 31 #SUP: 176143
8 17 18 21 31 #SUP: 196686
8 17 18 21 43 #SUP: 179672
8 17 18 24 #SUP: 235727
8 17 18 24 25 #SUP: 183037
8 17 18 24 25 31 #SUP: 171304
8 17 18 24 27 #SUP: 192604
8 17 18 24 27 29 #SUP: 170578
8 17 18 24 27 31 #SUP: 181518
8 17 18 24 28 #SUP: 190335
8 17 18 24 28 31 #SUP: 181698
8 17 18 24 29 #SUP: 208809
8 17 18 24 29 31 #SUP: 196000
8 17 18 24 29 43 #SUP: 180182
8 17 18 24 31 #SUP: 221310
8 17 18 24 31 41 #SUP: 179526
8 17 18 24 31 43 #SUP: 191754
8 17 18 24 31 59 #SUP: 173208
8 17 18 24 41 #SUP: 185260
8 17 18 24 43 #SUP: 203559
8 17 18 24 59 #SUP: 176749
8 17 18 25 #SUP: 184971
8 17 18 25 31 #SUP: 173000
8 17 18 27 #SUP: 194629
8 17 18 27 29 #SUP: 172368
8 17 18 27 31 #SUP: 183322
8 17 18 28 #SUP: 192186
8 17 18 28 31 #SUP: 183361
8 17 18 29 #SUP: 211058
8 17 18 29 31 #SUP: 197997
8 17 18 29 31 43 #SUP: 171323
8 17 18 29 43 #SUP: 182051
8 17 18 31 #SUP: 223571
8 17 18 31 41 #SUP: 181304
8 17 18 31 43 #SUP: 193639
8 17 18 31 59 #SUP: 174653
8 17 18 41 #SUP: 187154
8 17 18 43 #SUP: 205688
8 17 18 59 #SUP: 178265
8 17 21 #SUP: 209376
8 17 21 24 #SUP: 207154
8 17 21 24 27 #SUP: 184755
8 17 21 24 27 31 #SUP: 174393
8 17 21 24 29 #SUP: 185551
8 17 21 24 29 31 #SUP: 174902
8 17 21 24 31 #SUP: 195278
8 17 21 24 43 #SUP: 178393
8 17 21 27 #SUP: 186698
8 17 21 27 31 #SUP: 176134
8 17 21 29 #SUP: 187540
8 17 21 29 31 #SUP: 176686
8 17 21 31 #SUP: 197267
8 17 21 31 43 #SUP: 170382
8 17 21 43 #SUP: 180234
8 17 24 #SUP: 236482
8 17 24 25 #SUP: 183688
8 17 24 25 31 #SUP: 171865
8 17 24 27 #SUP: 193171
8 17 24 27 29 #SUP: 171100
8 17 24 27 31 #SUP: 182001
8 17 24 28 #SUP: 190991
8 17 24 28 31 #SUP: 182260
8 17 24 29 #SUP: 209503
8 17 24 29 31 #SUP: 196592
8 17 24 29 31 43 #SUP: 170166
8 17 24 29 43 #SUP: 180760
8 17 24 31 #SUP: 221953
8 17 24 31 41 #SUP: 180054
8 17 24 31 43 #SUP: 192297
8 17 24 31 59 #SUP: 173525
8 17 24 41 #SUP: 185826
8 17 24 43 #SUP: 204189
8 17 24 59 #SUP: 177085
8 17 25 #SUP: 185630
8 17 25 31 #SUP: 173566
8 17 27 #SUP: 195205
8 17 27 29 #SUP: 172899
8 17 27 31 #SUP: 183810
8 17 28 #SUP: 192849
8 17 28 31 #SUP: 183928
8 17 29 #SUP: 211763
8 17 29 31 #SUP: 198596
8 17 29 31 43 #SUP: 171825
8 17 29 43 #SUP: 182637
8 17 31 #SUP: 224221
8 17 31 41 #SUP: 181838
8 17 31 43 #SUP: 194187
8 17 31 59 #SUP: 174973
8 17 41 #SUP: 187727
8 17 43 #SUP: 206326
8 17 59 #SUP: 178605
8 18 #SUP: 238295
8 18 21 #SUP: 208719
8 18 21 24 #SUP: 206508
8 18 21 24 27 #SUP: 184223
8 18 21 24 27 31 #SUP: 173936
8 18 21 24 29 #SUP: 184952
8 18 21 24 29 31 #SUP: 174380
8 18 21 24 31 #SUP: 194718
8 18 21 24 43 #SUP: 177857
8 18 21 27 #SUP: 186157
8 18 21 27 31 #SUP: 175672
8 18 21 29 #SUP: 186930
8 18 21 29 31 #SUP: 176157
8 18 21 31 #SUP: 196700
8 18 21 43 #SUP: 179690
8 18 24 #SUP: 235747
8 18 24 25 #SUP: 183052
8 18 24 25 31 #SUP: 171314
8 18 24 27 #SUP: 192621
8 18 24 27 29 #SUP: 170595
8 18 24 27 31 #SUP: 181530
8 18 24 28 #SUP: 190355
8 18 24 28 31 #SUP: 181713
8 18 24 29 #SUP: 208829
8 18 24 29 31 #SUP: 196015
8 18 24 29 43 #SUP: 180201
8 18 24 31 #SUP: 221325
8 18 24 31 41 #SUP: 179539
8 18 24 31 43 #SUP: 191769
8 18 24 31 59 #SUP: 173219
8 18 24 41 #SUP: 185276
8 18 24 43 #SUP: 203578
8 18 24 59 #SUP: 176762
8 18 25 #SUP: 184986
8 18 25 31 #SUP: 173010
8 18 27 #SUP: 194646
8 18 27 29 #SUP: 172385
8 18 27 31 #SUP: 183334
8 18 28 #SUP: 192206
